186,176,290,320,0
190.62,166,300.75,322.14,0
192.53,164.13,304.94,322.11,0
192.82,162.94,306.1,322.4,0
192.54,159.88,306.08,320.71,0
192.5,156.98,306.12,318.96,0
191.54,146.58,305.54,309.35,0
191.6,145.33,305.83,306.57,0
180.5,143.71,294.97,303.58,0
176.06,144.73,290.9,302.83,0
174.83,143.73,288.88,305.09,0
174.56,143.54,288.83,308.1,0
174.55,155.44,288.84,318.68,0
174.6,157.87,288.8,323.58,0
164.87,161.75,287.95,336.52,0
160.72,164.61,287.92,340.67,0
155.1,174.61,274.18,337.94,0
155.02,175.66,270.15,337.08,0
141.42,177.53,256.02,338.69,0
137.64,178.84,250.68,340.24,0
125.28,183.99,246.58,355.13,0
121.62,194.58,238.59,357.25,0
119.57,207.61,235.11,368.43,0
120.85,210.1,235.68,369.69,0
122.63,216.1,235.96,374.64,0
123.52,216.38,234.43,373.88,0
125.7,215.17,237.77,371.18,0
125.51,214.28,238.91,371.16,0
137.95,210.82,251.72,368.38,0
140.84,210.69,255.09,368.49,0
154.59,204.03,267.1,359.79,0
158.61,201.66,270.44,357.24,0
171.9,201.35,284.55,355.45,0
174.89,201.14,286.7,355.39,0
178.01,199.28,291.09,353.07,0
177.56,199.07,291.51,353.28,0
190.51,198.87,304.03,349.72,0
193.68,199.36,304.61,344,0
214.5,204.69,305.15,320.89,0
216.56,202.04,300.97,308.46,0
NaN,NaN,NaN,NaN,0
NaN,NaN,NaN,NaN,1
NaN,NaN,NaN,NaN,1
NaN,NaN,NaN,NaN,1
233.15,248.62,325.01,386.91,1
232.11,249.89,337.78,408.89,1
238,267,336,414,0
232.11,267.67,337.78,426.67,1
229.8,267.97,340.76,423.97,0
228.91,283.85,341.94,439.26,0
228.61,285.59,342.54,441.62,0
228.01,302.35,342.55,457.76,0
228.02,302.93,342.83,460.12,0
228.44,319.64,343.02,474.99,0
228.05,322.96,342.8,477.71,0
240.56,338.73,343.95,480.93,0
243.03,338.94,344.83,480.5,0
244.53,344.06,344.51,479.9,0
245.42,344.04,345.7,479.32,0
246.6,342.49,346.43,477.13,0
246.6,342.22,346.67,477.48,0
247.7,327.76,355.96,475.17,0
247.41,325.35,358.96,474.22,0
246.81,308,360.15,459.57,0
246.51,305.34,360.17,457.74,0
255,299,357,452,0
249.89,285.44,355.56,444.44,1
NaN,NaN,NaN,NaN,1
579,204,640,295.5,1
NaN,NaN,NaN,NaN,1
NaN,NaN,NaN,NaN,1
NaN,NaN,NaN,NaN,1
NaN,NaN,NaN,NaN,1
249.89,214.33,355.56,373.33,1
244.01,227.69,359.76,364.17,0
243.67,238.24,349.85,349.45,0
230,221.49,340.88,340.22,0
229.03,185.54,340.63,337.09,0
225.5,174.97,330.72,319.13,0
214.57,167.32,324.85,320.26,0
210.5,159.58,314.13,303.23,0
199.62,157.49,300.64,296.49,0
197.06,153.6,297.58,296.19,0
191.84,148.6,298.18,294.76,0
181.6,148.47,291.76,294.84,0
176.43,147.29,286.36,293.41,0
175.61,146.7,284.79,293.38,0
178.8,151.53,278.86,290.01,0
180.9,152.83,277,288.84,0
171.95,156.27,269.78,288.53,0
169.58,156.23,266.04,288.33,0
168.97,156.21,263.08,286.48,0
169.75,156.06,263.19,284.9,0
170.52,145.97,264.8,280.68,0
170.55,143.41,265.64,281.06,0
180.72,138.83,272.17,267.38,0
185.88,138.05,275.15,262.35,0
186.75,133.44,279.47,266.33,0
184.44,132.11,281.86,262.47,0
184.23,136.53,282.99,268.86,0
184.34,139.06,283.18,269.98,0
184.33,140.25,283.18,271.22,0
185.08,143.55,283.93,271.21,0
186.23,145.41,285.84,272.02,0
186.14,146.26,284.68,273.28,0
186.14,143.56,284.08,272.98,0
186.44,143.85,284.06,273.59,0
186.14,144.15,283.75,273.9,0
187.04,144.15,284.06,274.19,0
187.33,145.66,284.07,273.89,0
187.88,144.25,284.2,274.52,0
194.78,148.63,286.73,271.14,0
198.1,151.92,288.51,272.02,0
198.61,155.15,295.04,282.65,0
199.83,159.03,298.65,288.8,0
199.83,159.94,299.85,290.58,0
201.63,169.72,300.85,300.27,0
202.23,173.05,300.17,303.36,0
209.41,184.44,301.61,308.86,0
213.63,186.81,310.89,318.38,0
214.44,191.5,313.54,322.47,0
214.72,203.43,315.07,333.14,0
225,197,317,335,0
217.67,217.67,309.53,355.96,1
NaN,NaN,NaN,NaN,1
NaN,NaN,NaN,NaN,1
NaN,NaN,NaN,NaN,1
NaN,NaN,NaN,NaN,1
577,212,638,303.5,1
567,220,639,328,1
217.67,264.1,309.53,402.39,1
216.96,266.6,308.88,404.77,0
217.67,264.1,309.53,402.39,1
214.75,277.78,311.79,409.9,0
213.85,281.77,312.95,412.43,0
213.55,285.25,312.88,415.75,0
213.41,285.35,312.91,417.12,0
212.66,294.45,305.62,417.98,0
212.46,298.5,301.94,420.59,0
211.89,298.21,301.1,421.46,0
211.89,299.11,300.8,421.46,0
212.49,299.41,301.1,421.46,0
212.78,300.31,301.7,421.46,0
213.08,300.61,302.01,421.47,0
214.76,299.56,303.99,421.35,0
217.48,291.45,313.87,418.78,0
224.44,294.56,316.72,417.57,0
230.84,285.5,328.77,416.17,0
231.9,282.83,331.89,414.33,0
244.02,270.85,344.56,403.6,0
249.44,266.82,350.6,399.11,0
NaN,NaN,NaN,NaN,0
NaN,NaN,NaN,NaN,1
NaN,NaN,NaN,NaN,1
NaN,NaN,NaN,NaN,1
283.93,216.57,363.77,336.83,1
279.58,202.19,371.43,340.48,1
282,194,377,336.5,0
267.67,178.78,373.33,337.78,1
264.73,182.39,375.1,335.99,0
258.95,184.16,364.04,329.43,0
257.58,176.79,358.84,317.32,0
249.44,169.03,358.08,316.65,0
241.76,167.91,345.16,309.68,0
232.97,163.42,341.61,312.06,0
228.04,158.85,329.97,301.71,0
216.22,157.86,315.97,299.13,0
211.73,157.55,312.06,296.26,0
199.4,154.54,298.79,295.36,0
187.98,153.66,287.2,295.39,0
181.38,155.83,279.05,295.53,0
170.95,156.96,269.8,297.62,0
159.17,161.32,265.67,308.22,0
152.78,165.07,255.92,306.97,0
143.92,164.82,251.68,311.72,0
141.62,165.23,250.14,312.78,0
136.6,170.62,239.58,309.65,0
135.97,172.68,237.1,308.82,0
128.07,169.63,232.41,312.89,0
125.88,168.7,231.5,314.04,0
124.2,173.68,224.18,310.11,0
123.88,175.13,222.09,309.06,0
122.68,176.32,220,309.65,0
121.76,182.75,220.95,316.33,0
122.67,185.54,220.62,318.85,0
123.57,185.53,220.91,320.36,0
125.36,187.92,222.71,321.57,0
134.63,187.93,231.51,323.25,0
137.42,189.19,235.03,324.47,0
141.58,186.96,246.56,330.76,0
142.82,186.22,250.52,332.64,0
151.93,189.75,255.55,327.99,0
162.68,190.31,263.52,326.63,0
168.85,191.24,269.79,326.65,0
169.76,191.27,270.76,328.62,0
180.66,191.41,281.09,329.39,0
183.74,191.53,284.08,329.2,0
195.68,190.92,294.78,328.29,0
198.94,191.52,298.94,327.7,0
202.59,190.36,303.02,327.4,0
211.69,189.07,311.8,324.82,0
217.44,187.64,317.84,323.64,0
228.45,187.62,322.13,323.35,0
227,189,315,321,0
232.11,178.78,337.78,337.78,1
270.46,189.62,350.3,309.88,1
NaN,NaN,NaN,NaN,1
NaN,NaN,NaN,NaN,1
NaN,NaN,NaN,NaN,1
NaN,NaN,NaN,NaN,1
NaN,NaN,NaN,NaN,1
NaN,NaN,NaN,NaN,1
NaN,NaN,NaN,NaN,1
NaN,NaN,NaN,NaN,1
NaN,NaN,NaN,NaN,1
NaN,NaN,NaN,NaN,1
NaN,NaN,NaN,NaN,1
NaN,NaN,NaN,NaN,1
NaN,NaN,NaN,NaN,1
NaN,NaN,NaN,NaN,1
NaN,NaN,NaN,NaN,1
NaN,NaN,NaN,NaN,1
NaN,NaN,NaN,NaN,1
294.22,270.77,363.6,375.33,1
283.93,270.46,363.77,390.72,1
283.93,270.46,363.77,390.72,1
273.88,275.56,358.02,391.48,0
275,261,372,406.5,0
270.46,283.93,350.3,404.19,1
264.1,279.58,355.96,417.86,1
262.55,282.52,357.79,416.13,0
261.52,282.93,358.83,416.29,0
260.61,284.75,358.83,416.89,0
259.71,286.85,359.13,417.8,0
254.74,295.12,347.1,418.56,0
253.55,297.91,343.68,421.46,0
248.69,298.76,343.94,427.3,0
247.2,299.93,344.52,429.43,0
246.61,299.79,344.83,430.75,0
245.71,300.84,345.12,431.2,0
245.41,299.95,345.12,431.2,0
245.7,299.37,346.02,430.3,0
246,298.77,346.63,430,0
251.95,298.42,346.54,421.44,0
261.76,296.43,352.97,420.26,0
262.97,285.81,359.79,416.1,0
264.91,280.62,358.98,415.35,0
270.46,283.93,350.3,404.19,1
NaN,NaN,NaN,NaN,0
NaN,NaN,NaN,NaN,1
NaN,NaN,NaN,NaN,1
NaN,NaN,NaN,NaN,1
NaN,NaN,NaN,NaN,1
NaN,NaN,NaN,NaN,1
NaN,NaN,NaN,NaN,1
264.1,217.67,355.96,355.96,1
264.1,217.67,355.96,355.96,1
264.1,202.19,355.96,340.48,1
252.22,198.66,344.15,336.84,0
256.99,203.1,336.83,323.35,1
248.77,190.37,335.96,321.46,0
232.11,178.78,337.78,337.78,1
228.6,180.31,337.98,333.47,0
227.1,183.26,331.85,324.45,0
215.87,172.71,325.58,319.64,0
210.94,168.91,323.8,318.19,0
209.01,171.45,315.97,313.96,0
197.56,167.64,309.14,317.46,0
191.83,167,305.11,319.17,0
184.78,168.82,306.85,331.49,0
177.16,173.88,293.53,333.18,0
173.98,177.87,289.71,333.87,0
171.07,180.49,286.18,335.69,0
161.51,181.79,276.16,337.16,0
156.66,183.85,270.91,338.36,0
155.72,192.73,270.04,346.37,0
151.85,198.02,258.19,344.24,0
142.95,197.59,253.92,351.16,0
140.55,200.83,253.57,354.19,0
139.62,209.75,253.63,364.86,0
139.95,215.03,254.16,369.26,0
141.05,219.91,255.84,374.04,0
141.92,230.43,257.5,384.37,0
157.49,245.73,273.7,400.25,0
163.02,250.88,288.81,416.8,0
198.78,267.02,323.45,439.72,0
221.78,285.35,351.14,460.11,0
287.7,329.82,394.81,482.93,0
NaN,NaN,NaN,NaN,0
NaN,NaN,NaN,NaN,1
NaN,NaN,NaN,NaN,1
NaN,NaN,NaN,NaN,1
NaN,NaN,NaN,NaN,1
NaN,NaN,NaN,NaN,1
NaN,NaN,NaN,NaN,1
